variant           run       return    maxDD      PF closed       btr  shut  fills   desc    asc lockArm   blkd  stopT  stopF scalMin maxGross
---------------------------------------------------------------------------------------------------------------------------------------------
L03-K1-MONTHLY    #BASE    +53.41%  +12.96%   2.029    105   +30.50%     0    308     39     39     39    140      9      9   0.250   0.516
                  #STRESS   +50.68%  +13.16%   1.973    105   +28.30%     0    306     39     39     39    124      9      9   0.250   0.515
L03-K1-QUARTERLY  #BASE     +6.16%  +13.55%   1.349     49    -5.41%     0    142     25     25     25     74     12     12   0.250   0.514
                  #STRESS    +4.34%  +13.37%   1.282     49    -6.98%     0    141     28     28     28     74     12     12   0.250   0.514
L03-K2-MONTHLY    #BASE    +47.65%  +10.22%   1.625    156   +40.54%     0    367     22     22     22     79     54     17   0.250   0.516
                  #STRESS   +46.12%  +11.10%   1.558    181   +34.73%     0    434     18     18     18     66     78     20   0.250   0.516
L03-K2-QUARTERLY  #BASE    +10.34%   +9.94%   1.240     62    +5.57%     0    150     25     25     25    101     16     16   0.330   0.511
                  #STRESS    +8.11%   +9.93%   1.169     62    +3.17%     0    148     19     19     19     71     16     16   0.330   0.511
L03-K3-MONTHLY    #BASE    +34.99%  +12.17%   1.526    234   +29.27%     0    524     13     13     13     49    238     24   0.250   0.516
                  #STRESS   +30.15%  +12.45%   1.448    230   +25.50%     0    511     10     10     10     49     32     23   0.250   0.516
L03-K3-QUARTERLY  #BASE    +29.66%   +9.71%   1.532    124   +23.41%     0    287     20     20     20     65    576     29   0.297   0.511
                  #STRESS   +13.23%  +11.19%   1.160    139    +5.25%     0    323     40     40     40    153     31     31   0.250   0.513
L06-K1-MONTHLY    #BASE    +12.70%  +13.54%   1.397     81    +6.17%     0    227     50     48     50    184      9      9   0.250   0.518
                  #STRESS   +11.97%  +14.34%   1.447     81    +4.87%     0    227     47     46     47    202      9      9   0.250   0.518
L06-K1-QUARTERLY  #BASE    +13.38%  +14.13%   1.495     40    +4.84%     0    146     29     29     29    118     11     11   0.250   0.518
                  #STRESS    -1.57%  +14.36%   1.153     40    -6.53%     0    119     36     35     36    137     11     11   0.250   0.518
L06-K2-MONTHLY    #BASE    +26.49%  +11.02%   1.450    144   +20.63%     0    359     30     30     30    134     28     11   0.250   0.511
                  #STRESS   +15.56%  +12.18%   1.243    123   +10.74%     0    299     16     15     16     58    111     11   0.250   0.511
L06-K2-QUARTERLY  #BASE     +6.64%  +13.83%   1.233     72    +1.96%     0    168     20     20     20     85     21     21   0.238   0.511
                  #STRESS    +0.74%  +13.98%   0.989     72    -3.20%     0    168     24     23     24     85     21     21   0.238   0.514
L06-K3-MONTHLY    #BASE    +16.71%  +12.70%   1.277    209   +13.24%     0    464     24     22     24     76     87     22   0.191   0.511
                  #STRESS   +15.26%  +14.09%   1.245    222   +11.39%     0    491     18     16     18     60     23     23   0.191   0.514
L06-K3-QUARTERLY  #BASE     +4.67%  +11.89%   1.065     95    +1.81%     0    221     14     13     14     40    153     21   0.250   0.513
                  #STRESS    +5.30%  +11.83%   1.078     95    +2.45%     0    220     12     11     12     38    156     21   0.250   0.513
L12-K1-MONTHLY    #BASE     +2.12%  +12.02%   1.262     66    -8.78%     0    180     37     35     37    128     15     15   0.164   0.513
                  #STRESS    +1.80%  +12.26%   1.219     66    -9.03%     0    179     31     29     31    110     15     15   0.164   0.513
L12-K1-QUARTERLY  #BASE     +1.48%  +13.97%   1.388     36    -0.72%     0    103     44     43     44    142     12     12   0.182   0.518
                  #STRESS    -0.08%  +14.20%   1.171     36    -1.88%     0     92     44     43     44    173     12     12   0.250   0.518
L12-K2-MONTHLY    #BASE    +15.85%  +11.25%   1.484     63    +5.79%     0    146     16     16     16     62     13     13   0.250   0.514
                  #STRESS   +15.13%  +11.20%   1.488     64    +6.28%     0    148     22     22     22     83    595     13   0.179   0.514
L12-K2-QUARTERLY  #BASE    +10.65%  +10.95%   1.431     46    +3.72%     0    112     23     23     23     75     15     15   0.250   0.515
                  #STRESS   +12.54%  +10.69%   1.578     52    +9.47%     0    142     41     41     41    166    155     15   0.250   0.515
L12-K3-MONTHLY    #BASE     +8.43%  +11.57%   1.273    156    +4.93%     0    355     38     37     38    157     24     24   0.250   0.512
                  #STRESS    +7.57%  +11.75%   1.259    152    +4.00%     0    345     45     44     45    181     21     21   0.250   0.512
L12-K3-QUARTERLY  #BASE     +7.95%  +10.52%   1.183     93    +3.92%     0    226     25     25     25     84     29     29   0.250   0.512
                  #STRESS    +3.18%  +10.86%   1.058     83    -1.16%     0    188     24     24     24     96    683     31   0.250   0.512

SELECTION-INPUT columns (both-runs sums) and the SEL-2 score:
variant             shut    fills     desc  lockArm    stopF    instability
L03-K1-MONTHLY         0      614       78       78       18    0.316981929
L03-K1-QUARTERLY       0      283       53       53       24    0.215520012
L03-K2-MONTHLY         0      801       40       40       37    0.299993984
L03-K2-QUARTERLY       0      298       44       44       32    0.215471404
L03-K3-MONTHLY         0     1035       23       23       47    0.347840893
L03-K3-QUARTERLY       0      610       60       60       60    0.423540495
L06-K1-MONTHLY         0      454       97       97       18    0.291302167
L06-K1-QUARTERLY       0      265       65       65       22    0.248621581
L06-K2-MONTHLY         0      658       46       46       22    0.274579406
L06-K2-QUARTERLY       0      336       44       44       42    0.247419599
L06-K3-MONTHLY         0      955       42       42       45    0.290149221
L06-K3-QUARTERLY       0      441       26       26       42    0.339590681
L12-K1-MONTHLY         0      359       68       68       30    0.292941999
L12-K1-QUARTERLY       0      195       88       88       24    0.246609961
L12-K2-MONTHLY         0      294       38       38       26    0.338753489
L12-K2-QUARTERLY       0      254       64       64       30    0.285600694
L12-K3-MONTHLY         0      700       83       83       45    0.401614635
L12-K3-QUARTERLY       0      414       49       49       60    0.344422664

scalar min/mean across all 36 runs:
   combined_scalar_minimum  lowest=0.163827128 highest=0.330469784
   combined_scalar_mean     lowest=0.3838187808333333 highest=0.9046994002921246
   sessions_below_one total across 36 runs = 70086
